0
0
0
0
0
2
2
2
2
1
1
1
1
0
0
0
2
2
3
3
4
4
4
4
2
2
2
4
4
4
6
2
2
3
3
3
3
3
3
2
2
2
8
8
8
8
5
5
5
4
4
4
4
4
4
4
9
10
10
2
2
2
2
11
11
11
6
6
6
6
9
9
9
9
8
8
8
8
12
12
12
6
6
6
6
12
12
12
10
10
10
10
16
16
16
16
5
5
5
5
12
12
12
8
8
8
8
12
12
12
12
13
13
13
13
15
16
16
16
10
11
11
16
16
16
16
15
15
15
15
23
23
23
23
7
7
7
7
13
13
13
10
10
10
10
13
13
13
13
14
14
14
14
20
20
20
14
14
14
14
22
22
22
22
19
19
19
26
26
26
7
7
7
13
13
14
14
13
13
13
13
17
17
17
17
20
20
20
25
25
25
25
15
15
15
15
25
25
25
25
24
24
24
27
27
28
28
10
10
10
16
16
16
16
16
16
17
17
19
19
19
19
25
25
25
25
30
30
30
30
20
20
20
27
27
27
27
28
29
29
30
31
31
32
33
11
11
11
23
24
24
24
21
21
21
21
21
21
21
28
28
28
28
31
31
31
31
22
23
23
29
29
29
29
35
35
35
35
35
35
35
15
15
16
16
26
26
24
24
24
24
22
23
23
31
31
32
32
33
33
33
33
27
27
27
33
33
34
34
38
38
38
38
37
37
37
37
19
20
20
28
28
28
28
27
27
27
28
28
28
28
38
38
38
38
39
39
39
39
30
30
31
31
37
37
37
37
39
39
39
39
39
39
39
22
22
22
22
29
29
29
29
30
32
32
30
30
30
30
42
42
42
43
45
45
46
46
35
35
35
35
39
40
40
40
43
44
45
43
44
44
44
22
22
22
23
31
31
31
31
33
33
33
33
33
34
45
45
45
45
46
46
46
46
39
39
39
43
43
43
43
49
49
49
49
47
47
47
47
26
26
27
27
36
36
36
36
35
35
35
35
36
36
36
50
50
50
50
46
46
46
46
42
42
42
42
48
48
48
48
53
53
53
53
54
54
54
54
31
31
31
44
44
44
44
39
39
40
40
39
39
39
40
53
53
54
48
48
48
48
47
47
47
47
53
53
53
53
55
55
55
56
54
54
55
36
37
37
37
47
47
47
47
43
43
43
42
42
43
55
55
56
50
50
50
50
50
50
51
55
55
55
55
62
63
63
58
58
58
58
40
40
40
40
53
53
53
53
50
50
50
50
46
46
46
58
58
58
58
54
54
54
54
54
54
54
54
59
59
59
59
64
64
64
64
61
61
61
45
45
45
45
59
59
59
59
53
53
53
49
49
49
49
61
61
61
61
56
56
56
56
55
55
56
58
65
65
65
67
67
67
67
68
68
68
68
52
52
53
53
63
63
63
63
57
57
57
57
55
55
56
56
64
64
64
59
59
59
59
60
60
60
66
67
67
68
68
68
68
73
73
73
73
58
58
58
63
63
64
64
58
58
58
58
61
61
61
61
68
68
68
68
60
60
60
63
63
63
63
70
70
71
71
72
72
72
72
74
74
74
74
61
61
61
61
67
67
67
62
62
62
62
64
64
64
69
69
69
69
64
64
64
64
68
68
70
70
76
76
77
77
76
77
77
77
78
78
78
64
64
64
64
70
70
70
67
67
67
68
68
68
68
70
70
70
70
65
65
65
72
72
72
78
78
78
78
79
79
79
80
80
80
66
66
66
66
73
73
73
73
73
73
73
69
69
69
69
73
73
73
73
70
70
70
70
75
75
75
81
81
81
82
82
82
82
83
83
83
83
69
69
69
77
78
78
78
75
75
75
71
71
71
77
77
77
74
74
76
79
79
80
82
82
82
82
82
82
82
85
86
86
86
75
75
75
81
81
81
81
77
77
78
73
73
73
82
82
82
82
77
77
77
87
87
87
86
86
86
86
85
85
85
86
86
86
86
86
78
78
87
87
87
80
80
80
81
77
78
78
78
85
85
85
85
79
79
79
89
89
89
89
89
89
90
90
86
86
86
86
88
88
89
89
83
83
83
90
90
91
91
84
84
84
86
86
86
86
86
89
89
89
89
82
83
83
83
92
93
93
93
94
94
94
94
92
92
92
92
93
93
93
93
91
91
91
91
92
92
92
92
93
93
93
91
91
91
91
93
94
94
94
88
88
88
89
90
95
95
95
95
95
96
96
95
95
95
95
96
96
96
96
95
95
95
95
97
97
97
97
97
97
97
95
95
95
95
99
99
99
99
97
97
97
97
98
99
99
99
99
99
99
99
98
98
98
98
99
98
98
99
99
100
100
100
100
